0.00121288697919 1004
0.00246209453034 101
0.00307514176029 110
0.00156948895855 1146
0.00112923960131 117
0.0014330116578 123
0.00161461451766 12925
0.00115675518614 13041
0.00196571338006 1327
0.00127782375938 1393
0.00142090480048 14098
0.00195800901631 147
0.0012580125383 15832
0.00144842038531 16010
0.00111162962702 161
0.00128332687634 16217
0.00341083189519 170
0.0010676046913 175
0.0010984221463 179
0.00151445778889 185
0.00110612651006 19
0.00124700630437 201
0.00188756911915 2238
0.00358473039129 225
0.00333709012785 237
0.0010026679111 242
0.00127672313598 249
0.00162231888141 255
0.00108631528898 258
0.00190848096362 270
0.00230470538513 271
0.00130203747403 286
0.00132515056528 301
0.00101257352164 31
0.00285501708168 310
0.016693155003 32
0.00104559222344 3270
0.0014021942028 338
0.00323143028211 36
0.00118206952418 37
0.0171653224386 38
0.0557740904448 39
0.0164488166097 41
0.00206917197901 413
0.00205046138133 438
0.0010026679111 45
0.00238505089283 475
0.001019177262 479
0.0463747666678 48
0.00123269820026 49
0.00107200718487 522
0.00163662698552 533
0.00125140879794 548
0.00123159757687 589
0.00135046490332 592
0.00163882823231 60
0.00133065368225 604
0.0049219878139 65
0.00122169196633 677
0.00129983622724 740
0.00116666079668 78
0.00106210157433 783
0.00176099742894 79
0.00133175430564 824
0.00422309195929 89
0.00151005529532 9
0.0010026679111 956
0.00154087275033 101 39
0.00144291726834 101 48
0.00299919874617 110 38
0.00193599654845 110 39
0.00151886028246 110 48
0.00108191279541 1146 39
0.00103238474272 12925 39
0.00127232064241 1327 39
0.00106540344451 1327 48
0.00125140879794 147 39
0.00114024583524 147 48
0.00333598950446 170 38
0.00226618356637 170 39
0.00171367062304 170 48
0.00141650230691 2238 39
0.0010510953404 2238 48
0.00258756559715 225 39
0.0019106822104 225 48
0.00212310252527 237 39
0.00185124854718 237 48
0.0011633589265 255 39
0.0011633589265 255 48
0.00131414433135 270 39
0.00105329658719 270 48
0.00157829394569 271 39
0.00119967949847 271 48
0.00122829570669 286 38
0.002038354524 310 39
0.00186225478111 310 48
0.00311806607262 32 38
0.00930577078857 32 39
0.00351759236432 32 41
0.00884240834008 32 48
0.00307073926672 36 38
0.00224196985172 36 39
0.00155848272462 36 48
0.00115125206917 37 38
0.0113859490015 38 39
0.00428912936287 38 41
0.00874335223471 38 48
0.0125625154087 39 41
0.00124370443419 39 413
0.00138678547529 39 438
0.00165093508963 39 475
0.0320743669214 39 48
0.00101477476843 39 533
0.00108191279541 39 60
0.00306743739654 39 65
0.00122279258972 39 79
0.0030256137076 39 89
0.00992542175888 41 48
0.00109512027612 41 65
0.00124920755116 413 48
0.00112813897792 438 48
0.00157169020533 475 48
0.00278347656112 48 65
0.00307954425387 48 89
0.00104118972986 101 39 48
0.00191508470398 110 38 39
0.001497948438 110 38 48
0.00114134645863 110 39 48
0.00222215863065 170 38 39
0.00169275877857 170 38 48
0.00132735181207 170 39 48
0.00154087275033 225 39 48
0.001369175501 237 39 48
0.00148253971049 310 39 48
0.00202514704329 32 38 39
0.00181162610503 32 38 48
0.0025963705843 32 39 41
0.00594556756947 32 39 48
0.00227058605994 32 41 48
0.00214071249956 36 38 39
0.0014968478146 36 38 48
0.00122829570669 36 39 48
0.00335800197232 38 39 41
0.00671600394463 38 39 48
0.0026128799352 38 41 48
0.0081071919135 39 41 48
0.00120188074525 39 475 48
0.00197782023738 39 48 65
0.00233882471032 39 48 89
0.00113474271828 110 38 39 48
0.00131304370796 170 38 39 48
0.00136037051386 32 38 39 48
0.00181162610503 32 39 41 48
0.00118867326454 36 38 39 48
0.00219134117564 38 39 41 48
