32 39 48
32 39 2915
32 39 65
32 39 548
32 39 271
32 39 732
32 39 41
32 39 270
32 39 3623
32 39 1344
32 39 174
32 39 2993
32 39 694
32 39 255
32 39 1678
32 39 2830
32 39 4156
32 39 475
32 39 8978
32 39 740
32 39 4608
32 39 2052
32 39 855
32 39 384
32 39 1308
32 39 237
32 39 10611
32 39 117
32 39 79
32 39 10910
32 39 1578
32 39 227
32 39 2351
32 39 334
32 39 1327
32 39 1619
32 39 163
32 39 225
32 39 2238
32 39 2612
32 39 2881
32 39 389
32 39 1073
32 39 84
32 39 12946
32 39 12981
32 39 12951
32 39 944
32 39 9555
32 39 6354
32 39 589
32 39 4843
32 39 14386
32 39 12925
32 39 9578
32 39 2515
32 39 71
32 39 13008
32 39 12933
32 39 89
32 39 1393
32 39 1062
32 39 1890
32 39 14804
32 39 14098
32 39 3149
32 39 12932
32 39 10978
32 39 76
32 39 286
32 39 2477
32 39 12929
32 39 806
32 39 695
32 39 768
32 39 2135
32 39 205
32 39 13189
32 39 2199
32 39 15832
32 39 1987
32 39 260
32 39 4336
32 39 15618
32 39 16010
32 39 13174
32 39 52
32 39 78
32 48 2915
32 48 65
32 48 152
32 48 1344
32 48 572
32 48 694
32 48 255
32 48 475
32 48 681
32 48 2987
32 48 3965
32 48 855
32 48 237
32 48 10447
32 48 79
32 48 9169
32 48 2351
32 48 334
32 48 1659
32 48 1327
32 48 335
32 48 4720
32 48 2383
32 48 225
32 48 2238
32 48 389
32 48 1073
32 48 2437
32 48 7646
32 48 9304
32 48 1004
32 48 1192
32 48 589
32 48 13335
32 48 14386
32 48 2150
32 48 12925
32 48 2056
32 48 10553
32 48 13008
32 48 89
32 48 1393
32 48 664
32 48 1479
32 48 14098
32 48 2408
32 48 141
32 48 12929
32 48 14933
32 48 768
32 48 13189
32 48 8985
32 48 4336
32 48 15618
32 48 52
32 48 1508
32 48 78
32 65 855
32 65 89
32 548 681
32 271 7646
32 271 932
32 271 3317
32 271 806
32 41 270
32 41 7405
32 41 740
32 41 79
32 41 334
32 41 225
32 41 12951
32 41 932
32 41 286
32 41 9001
32 41 141
32 41 806
32 41 3988
32 41 2539
32 41 15832
32 270 2238
32 270 389
32 572 2351
32 694 1497
32 255 3317
32 255 4344
32 255 1430
32 475 2238
32 8978 16010
32 681 12981
32 1283 3149
32 855 4383
32 237 2881
32 237 286
32 4444 14386
32 117 497
32 79 2238
32 227 1497
32 334 8985
32 225 2238
32 225 14386
32 225 3324
32 3504 16010
32 1018 1497
32 2056 9001
32 89 286
32 14098 16010
32 4512 15618
31 39 48
31 39 334
31 48 334
32 39 48 438
32 39 48 49
32 39 48 89
32 39 48 161
32 39 48 170
32 39 48 270
32 39 48 65
32 39 48 1146
32 39 48 1135
32 39 41 1327
32 39 41 147
32 38 110 286
9 39 379
9 39 704
9 39 10656
39 225 271 2238
2046 10444 10656
237 249 592
32 41 48 225
32 48 270 271
647 769 1034
19 39 48
19 39 4779
39 48 664 12925
39 48 89 13182
39 48 270 271
39 48 16010 16011
39 41 48 225
39 41 48 438
39 41 48 334
39 41 48 79
39 41 48 15832
39 41 48 16217
39 48 907
39 48 499
39 48 341
39 48 389
39 48 1327
39 48 1783
39 48 2723
39 48 334
39 48 438
39 48 2238
39 48 225
39 48 856
39 48 65
39 48 812
39 48 1242
39 48 161
39 48 604
39 48 1344
39 48 3966
39 48 855
39 48 475
39 48 179
39 48 60
39 48 2915
39 48 1714
39 48 592
39 48 89
39 48 2046
39 48 1121
39 48 1135
39 48 310
39 48 255
39 48 1196
39 48 80
39 48 2399
39 48 2351
39 48 2344
39 48 51
39 48 1073
39 48 1814
39 48 78
39 48 4165
39 48 101
39 48 1146
39 48 10605
39 48 1173
39 48 62
39 48 237
39 48 5343
39 48 2958
39 48 49
39 48 694
39 48 147
39 48 3569
39 48 262
39 48 5341
39 48 2639
39 48 432
39 48 79
39 48 4257
39 48 75
39 48 258
39 48 3859
39 48 53
39 48 8730
39 48 12929
39 48 13008
39 48 4055
39 48 1067
39 48 229
39 48 3635
39 48 13182
39 48 581
39 48 914
39 48 1393
39 48 768
39 48 185
39 48 2621
39 48 589
39 48 52
39 48 14098
39 48 12980
39 48 13189
39 48 123
39 48 12925
39 48 885
39 48 14386
39 48 1043
39 48 2674
39 48 3102
39 48 3855
39 48 5051
39 48 1579
39 48 3271
39 48 1439
39 48 4336
39 48 4034
39 48 5560
39 48 4339
39 48 12935
39 48 235
39 48 1031
39 48 489
39 48 10446
39 48 156
39 48 12959
39 48 10939
39 48 488
39 48 13334
39 48 5152
39 48 4642
39 48 783
39 48 1435
39 48 13041
39 48 15618
39 48 662
39 48 766
39 48 2350
39 48 1805
39 48 703
39 41 334
39 41 740
39 41 225
39 41 2915
39 41 2046
39 41 286
39 41 1713
39 41 829
39 41 271
39 41 2103
39 41 1146
39 41 270
39 41 79
39 41 1198
39 41 12951
39 41 806
39 41 2254
39 41 15832
39 41 7938
39 41 662
39 41 703
39 41 16430
39 513 1327
39 389 413
39 1327 2595
39 849 2879
39 334 1991
39 379 14804
39 379 2665
39 211 2046
39 438 2254
39 2238 2915
39 2238 8978
39 225 623
39 225 227
39 225 4165
39 225 1146
39 225 270
39 225 14386
39 225 789
39 65 855
39 65 89
39 65 3759
39 65 1000
39 65 103
39 65 504
39 65 4779
39 1784 4026
39 161 2297
39 161 1146
39 161 12959
39 604 708
39 604 651
39 1344 4305
39 1344 10656
39 2285 10106
39 855 2879
39 475 711
39 60 301
39 592 749
39 89 286
39 89 785
39 89 170
39 89 13041
39 2046 10656
39 286 365
39 286 16217
39 502 1845
39 623 10611
39 271 806
39 2062 4642
39 922 1578
39 922 12935
39 310 2199
39 255 13184
39 255 2793
39 1214 15094
39 8978 16010
39 260 1741
39 6450 8963
39 718 719
39 639 885
39 1973 14098
39 227 548
39 2194 13062
39 83 2492
39 83 12925
39 533 768
39 533 10607
39 2476 4025
39 1318 2463
39 1513 14386
39 4165 14098
39 1146 3338
39 1146 10423
39 270 548
39 155 12925
39 237 711
39 237 384
39 237 7331
39 237 2879
39 237 249
39 2958 16010
39 346 2075
39 694 3855
39 147 185
39 3569 13041
39 1000 12925
39 449 504
39 449 876
39 1103 2259
39 326 4339
39 201 13049
39 365 662
39 12929 12959
39 269 4270
39 269 351
39 103 110
39 103 6128
39 103 249
39 229 2879
39 229 16217
39 175 842
39 175 806
39 1264 7260
39 52 4336
39 14098 16010
39 7331 16010
39 405 488
39 708 5152
39 170 842
39 4843 13056
39 504 4779
39 12943 15618
39 370 13041
39 249 15618
38 110 286
38 170 3854
38 39 281
30 31 48
37 38 39
36 38 110
36 38 39
36 39 48
48 3569 13041
48 79 1146
48 79 2238
48 79 432
48 79 310
48 101 141
48 475 2238
48 225 1146
48 225 4221
48 225 2238
48 225 14386
48 225 4165
48 272 589
48 237 592
48 237 371
48 237 1196
48 1160 4581
48 65 89
48 65 855
48 89 2238
48 89 13041
48 250 11136
48 334 8985
48 334 10447
48 1776 13041
48 4899 7646
48 2238 11254
48 664 855
48 62 209
48 123 812
48 1376 14386
48 589 855
48 209 14386
48 12929 12959
48 12925 13112
48 13112 14098
48 4165 14098
48 60 812
48 161 438
48 1034 1557
45 48 664
45 48 855
45 48 1327
45 48 2056
45 664 855
41 48 141
41 48 79
41 48 225
41 48 7975
41 48 334
41 48 2046
41 48 1146
41 48 703
41 48 2915
41 79 1146
41 225 270
41 225 1146
41 271 932
41 271 806
41 846 1146
1 32 84
1 32 237
1 32 39
65 504 4779
79 1146 3616
10 31 39
10 31 48
10 39 907
10 39 10978
10 39 12981
10 39 48
10 39 15618
10 48 15618
225 1146 3616
